291 44
291 44
291 44
291 44
291 44
291 44
292 45
292 45
292 45
293 46
293 46
293 46
294 47
294 47
295 48
295 48
295 49
296 49
296 50
297 50
298 51
298 51
299 52
299 52
300 53
300 54
301 54
301 55
302 55
303 56
303 57
304 57
305 58
305 59
306 59
306 60
307 61
308 62
308 62
309 63
310 64
310 64
311 65
311 66
312 67
313 67
313 68
314 69
315 69
315 70
316 71
317 72
317 72
318 73
319 74
319 75
320 75
321 76
321 77
322 78
323 79
323 79
324 80
324 81
325 82
326 82
326 83
327 84
328 85
328 86
329 86
330 87
330 88
331 89
332 90
332 90
333 91
333 92
334 93
335 93
335 94
336 95
337 96
337 97
338 97
338 98
339 99
340 100
340 101
341 101
342 102
342 103
343 104
343 105
344 106
345 106
345 107
346 108
346 109
347 110
348 110
348 111
349 112
349 113
350 114
350 114
351 115
352 116
352 117
353 118
353 118
354 119
354 120
355 121
356 122
356 123
357 123
357 124
358 125
358 126
359 127
359 127
360 128
360 129
361 130
361 131
362 131
362 132
363 133
363 134
364 135
364 136
365 136
365 137
366 138
366 139
367 140
367 140
367 141
368 142
368 143
369 144
369 144
370 145
370 146
371 147
371 148
371 148
372 149
372 150
373 151
373 152
373 153
374 153
374 154
375 155
375 156
375 157
376 157
376 158
376 159
377 160
377 161
378 161
378 162
378 163
379 164
379 165
379 165
380 166
380 167
380 168
380 169
381 169
381 170
381 171
382 172
382 173
382 173
382 174
383 175
383 176
383 177
384 177
384 178
384 179
384 180
385 181
385 181
385 182
385 183
385 184
386 184
386 185
386 186
386 187
386 188
387 188
387 189
387 190
387 191
387 191
388 192
388 193
388 194
388 195
388 195
388 196
388 197
389 198
389 198
389 199
389 200
389 201
389 201
389 202
389 203
390 204
390 205
390 205
390 206
390 207
390 208
390 208
390 209
390 210
390 211
390 211
390 212
390 213
390 214
390 214
391 215
391 216
391 217
391 217
391 218
391 219
391 220
391 220
391 221
391 222
391 223
391 223
391 224
391 225
391 226
391 226
391 227
391 228
390 229
390 229
390 230
390 231
390 231
390 232
390 233
390 234
390 234
390 235
390 236
390 237
390 237
390 238
390 239
390 240
390 240
389 241
389 242
389 242
389 243
389 244
389 245
389 245
389 246
389 247
389 248
389 248
388 249
388 250
388 250
388 251
388 252
388 253
388 253
388 254
388 255
387 256
387 256
387 257
387 258
387 258
387 259
387 260
387 261
387 261
386 262
386 263
386 264
386 264
386 265
386 266
386 267
386 267
386 268
385 269
385 270
385 270
385 271
385 272
385 273
385 273
385 274
385 275
384 276
384 276
384 277
384 278
384 279
384 279
384 280
384 281
384 282
384 283
383 283
383 284
383 285
383 286
383 287
383 287
383 288
383 289
383 290
383 291
383 291
383 292
383 293
383 294
382 295
382 296
382 296
382 297
382 298
382 299
382 300
382 301
382 301
382 302
382 303
382 304
382 305
382 306
382 307
382 308
382 308
382 309
382 310
382 311
382 312
382 313
382 314
382 315
382 316
382 317
382 317
382 318
382 319
382 320
382 321
382 322
382 323
382 324
382 325
382 326
382 327
382 328
382 329
382 330
382 330
382 331
383 332
383 333
383 334
383 335
383 336
383 337
383 338
383 339
383 340
383 341
383 342
383 343
383 344
383 345
383 346
383 347
383 348
383 349
384 350
384 351
384 352
384 353
384 354
384 355
384 356
384 357
384 358
384 359
384 359
384 360
384 361
384 362
384 363
385 364
385 365
385 366
385 367
385 368
385 369
385 370
385 371
385 372
385 373
385 374
385 375
385 376
385 377
386 378
386 379
386 380
386 381
386 382
386 383
386 384
386 385
386 386
386 387
386 388
386 389
386 390
386 391
387 392
387 393
387 394
387 395
387 396
387 397
387 398
387 399
387 400
387 401
387 402
387 403
387 404
388 405
388 406
388 407
388 408
388 409
388 410
388 411
388 412
388 413
388 414
388 415
389 416
389 417
389 418
389 419
389 420
389 421
389 422
389 423
389 424
389 425
390 426
390 427
390 428
390 429
390 430
390 431
390 432
390 433
391 434
391 435
391 436
391 437
391 438
391 439
392 440
392 441
392 442
392 443
393 444
393 445
393 446
393 447
394 448
394 449
394 450
